
=== 特徵穩定性 M15（2R 出場，4 段）===
         feat      低      中      高    高減低                      各段  一致
       er5_20 -0.113  0.081  0.111  0.224 +0.19 +0.21 +0.28 +0.16   1
close_outside -0.007    NaN  0.191  0.198 +0.05 +0.15 +0.27 +0.31   1
      bbw_pct  0.123  0.065 -0.109 -0.232 -0.24 -0.11 -0.16 -0.40   1
          z20 -0.042 -0.017  0.139  0.181 +0.25 -0.03 +0.21 +0.27   0
          er5 -0.066  0.056  0.088  0.154 +0.24 -0.18 +0.28 +0.25   0
         tv_e -0.047  0.082  0.044  0.091 -0.18 +0.24 +0.04 +0.28   0
     bbw_chg5 -0.055  0.115  0.020  0.075 +0.19 +0.18 +0.15 -0.18   0
         z100  0.017  0.022  0.040  0.023 +0.10 -0.18 +0.12 +0.04   0
         er40 -0.009  0.097 -0.009  0.000 +0.13 -0.19 +0.06 +0.02   0
er_short_long  0.021  0.050  0.009 -0.012 -0.07 -0.19 +0.16 -0.01   0
         er10  0.036  0.020  0.023 -0.013 +0.05 -0.05 +0.10 -0.18   0
          z50 -0.008  0.110 -0.023 -0.015 +0.19 -0.32 +0.20 -0.13   0
         er80  0.025  0.053  0.001 -0.024 -0.00 +0.04 -0.15 +0.03   0
      er10_40  0.065 -0.025  0.039 -0.026 -0.20 +0.08 -0.04 +0.03   0
      er20_80  0.051  0.018  0.010 -0.041 +0.10 -0.27 +0.20 -0.19   0
         er20  0.048  0.059 -0.027 -0.075 +0.04 -0.41 +0.06 +0.03   0
   mid_dist_R  0.007  0.143 -0.070 -0.077 +0.06 -0.11 +0.10 -0.35   0
    trend_atr  0.087  0.041 -0.049 -0.137 +0.07 -0.26 -0.21 -0.21   0

=== 特徵穩定性 M5（2R 出場，3 段）===
         feat      低      中      高    高減低                各段  一致
      er20_80 -0.051 -0.029  0.033  0.083 +0.02 +0.19 +0.03   1
         er20 -0.083  0.039 -0.004  0.079 +0.08 +0.02 +0.14   1
       er5_20 -0.006  0.053 -0.093 -0.087 -0.05 -0.04 -0.17   1
          er5  0.063 -0.008 -0.101 -0.164 -0.19 -0.09 -0.21   1
   mid_dist_R  0.072 -0.013 -0.105 -0.177 -0.09 -0.32 -0.12   1
close_outside -0.032    NaN  0.084  0.116 +0.31 -0.04 +0.06   0
         z100 -0.117  0.083 -0.013  0.104 +0.28 -0.01 +0.05   0
         er10 -0.057 -0.016  0.026  0.083 +0.26 -0.10 +0.10   0
          z20 -0.026 -0.074  0.053  0.078 +0.31 -0.23 +0.16   0
er_short_long -0.043 -0.015  0.012  0.055 +0.15 -0.05 +0.05   0
      er10_40 -0.003 -0.079  0.035  0.037 +0.39 -0.09 -0.17   0
         er40 -0.059  0.035 -0.023  0.036 -0.29 +0.18 +0.23   0
          z50 -0.018 -0.036  0.007  0.026 +0.25 -0.22 +0.07   0
         tv_e -0.006 -0.038 -0.002  0.004 +0.08 -0.19 +0.14   0
         er80  0.028 -0.084  0.009 -0.019 -0.19 -0.04 +0.21   0
     bbw_chg5  0.010 -0.012 -0.045 -0.055 +0.11 -0.31 +0.04   0
    trend_atr  0.035 -0.025 -0.058 -0.093 +0.02 -0.24 -0.06   0
      bbw_pct  0.032 -0.015 -0.064 -0.096 +0.12 -0.30 -0.10   0

=== 規則組合 M15 ===
           規則  2~3月  4~5月  6~7月 8~10月  訊號數   每日    期望    t   PF  不重疊n  不重疊期望  不重疊t
         全部型態 +0.07 -0.10 +0.06 +0.07 1023 5.95 0.026 0.67 1.05   737  0.005  0.10
B ER5/ER20>=2 +0.12 -0.07 +0.28 +0.10  548 3.19 0.109 1.94 1.20   439  0.081  1.35
    C 帶寬<=50% +0.15 -0.04 +0.10 +0.11  578 3.36 0.080 1.45 1.14   434  0.046  0.72
      D 外軌外收盤 +0.18 -0.07 +0.30 +0.30  173 1.01 0.191 2.09 1.45   171  0.187  2.04
          B+C +0.15 -0.05 +0.35 +0.11  361 2.10 0.135 1.88 1.25   288  0.048  0.60
          B+D +0.49 -0.20 +0.58 +0.35  114 0.66 0.294 2.53 1.74   113  0.306  2.62
          C+D +0.55 -0.00 +0.74 +0.31   75 0.44 0.375 2.58 1.98    73  0.372  2.54
          三選二 +0.13 -0.01 +0.33 +0.21  434 2.52 0.170 2.64 1.33   355  0.113  1.67

=== 規則組合 M5 ===
           規則 6/29~7/31    8月 9/1~10/8  訊號數    每日     期望     t   PF  不重疊n  不重疊期望  不重疊t
         全部型態     -0.10 +0.03    +0.02 1403 19.49 -0.016 -0.45 0.97   995 -0.000 -0.00
B ER5/ER20>=2     -0.12 -0.00    -0.04  752 10.44 -0.051 -1.04 0.92   603 -0.033 -0.60
    C 帶寬<=50%     -0.17 +0.11    +0.11  713  9.90  0.017  0.33 1.03   529  0.008  0.13
      D 外軌外收盤     +0.14 +0.06    +0.04  200  2.78  0.084  0.89 1.16   190  0.091  0.95
          B+C     -0.23 +0.02    +0.04  442  6.14 -0.053 -0.78 0.92   361 -0.038 -0.49
          B+D     +0.09 -0.11    -0.04  135  1.88 -0.015 -0.13 0.97   132 -0.015 -0.13
          C+D     +0.21 +0.07    +0.26   88  1.22  0.187  1.19 1.35    81  0.246  1.48
          三選二     -0.12 -0.01    +0.02  533  7.40 -0.036 -0.60 0.94   430 -0.028 -0.42

=== 組合：M15 外軌收盤 + M5 外軌收盤且帶寬<=50%（6/29~10/8，72 個交易日）===
  163 筆，每日 2.26，期望 +0.242R，t 2.27，PF 1.52
entry_time  2026-07  2026-08  2026-09  2026-10
size          58.00    45.00    48.00    12.00
mean           0.25     0.21     0.28     0.13
