 h  win   rev     z  days  trades  mean     t    H1    H2
 3    3  True   all   155     202 0.104 2.736 0.073 0.124
 3    3 False   all   155     155 0.087 2.535 0.083 0.090
10    3  True z>0.5    36      40 0.223 2.504 0.374 0.156
10    6  True z>0.5    39      55 0.213 2.451 0.327 0.156
 3    6  True   all   157     226 0.092 2.345 0.045 0.123
 3    6 False   all   157     157 0.080 2.314 0.066 0.090
10    3 False   z>0    63      63 0.131 2.186 0.194 0.101
10    6 False z>0.5    39      39 0.176 2.153 0.212 0.158
10    3 False z>0.5    36      36 0.189 2.151 0.269 0.154
10    6 False   z>0    67      67 0.121 2.145 0.167 0.099
 5    3  True   all   149     187 0.070 2.142 0.062 0.077
 3    3 False   z>0    62      62 0.140 2.140 0.148 0.135
 4    6  True   all   156     202 0.075 2.125 0.059 0.086
10    3  True   z>0    63      77 0.133 2.124 0.228 0.089
 5    6 False   all   159     159 0.054 2.063 0.027 0.074
 7    6  True   z>0    61      87 0.129 2.052 0.185 0.098
 7    6  True   all   159     245 0.061 1.961 0.084 0.045
10    6  True   z>0    67     101 0.120 1.943 0.200 0.081
 3    3  True z>0.5    36      40 0.168 1.940 0.275 0.132
 5    3 False   all   149     149 0.052 1.931 0.017 0.078
 5    6  True   all   159     227 0.064 1.917 0.066 0.062
 3    3 False z>0.5    36      36 0.164 1.907 0.233 0.142
 3    3  True   z>0    62      72 0.127 1.897 0.167 0.107
 7    3  True   all   159     230 0.057 1.896 0.093 0.032
 7    3  True   z>0    61      81 0.115 1.885 0.198 0.069
 6    3  True   all   159     229 0.060 1.877 0.097 0.033
17    6  True   all   152     187 0.033 1.862 0.005 0.053
 4    3  True   all   145     165 0.065 1.858 0.058 0.069
 3    6 False   z>0    64      64 0.120 1.840 0.094 0.135
 2    6  True   all   159     253 0.064 1.785 0.029 0.089
 2    3  True z>0.5    47      63 0.147 1.781 0.118 0.165
 2    3  True   all   159     239 0.061 1.776 0.014 0.094
 6    6 False   all   160     160 0.050 1.712 0.090 0.021
 6    6  True   all   160     254 0.056 1.706 0.096 0.027
 6    3 False   all   159     159 0.049 1.667 0.090 0.019
19    6  True   all   153     199 0.020 1.614 0.029 0.014
 4    6  True   z>0    68      82 0.103 1.606 0.034 0.149
 1    6  True   all   158     258 0.058 1.586 0.065 0.052
 5    6 False z>0.5    40      40 0.107 1.558 0.006 0.173
10    3 False   all   156     156 0.042 1.547 0.054 0.034
 2    6  True z>0.5    47      69 0.130 1.521 0.088 0.157
10    6 False   all   160     160 0.041 1.520 0.050 0.034
20    6  True   all   149     183 0.020 1.515 0.032 0.012
20    3  True   all   149     183 0.020 1.515 0.032 0.012
 3    6 False z>0.5    38      38 0.131 1.507 0.105 0.142
 9    6  True   z>0    71      97 0.090 1.505 0.172 0.039

每個整點（win=6, 無反手, 全部日子）
 h  days   mean      t     H1     H2
 1   158  0.014  0.506  0.011  0.016
 2   159  0.030  0.987  0.009  0.044
 3   157  0.080  2.314  0.066  0.090
 4   156  0.033  1.005  0.005  0.052
 5   159  0.054  2.063  0.027  0.074
 6   160  0.050  1.712  0.090  0.021
 7   159  0.032  1.306  0.074  0.003
 8   159  0.016  0.580 -0.007  0.032
 9   160  0.028  1.004  0.019  0.034
10   160  0.041  1.520  0.050  0.034
11   160  0.011  0.450  0.011  0.011
12   160 -0.004 -0.185  0.019 -0.021
13   160  0.007  0.311  0.034 -0.012
14   160 -0.021 -1.127 -0.003 -0.033
15   155 -0.044 -2.058 -0.023 -0.060
16   155 -0.024 -1.148 -0.013 -0.031
17   152  0.016  0.903 -0.017  0.040
18   150  0.004  0.244 -0.008  0.013
19   153  0.001  0.077  0.011 -0.007
20   149  0.018  1.407  0.023  0.014

組合：每天加總的報酬（ATR），t 用日報酬算
  A 03h（全部日子, 反手）              交易  202 筆 / 159 天（1.3 筆/天） 每筆 +0.104 ATR  日均 +0.101  t=+2.74  H1 +0.069 H2 +0.124  累積 +16.1 ATR  最大回撤 -2.8 ATR  正報酬天 43%
  B A + 10h z>0（反手）            交易  279 筆 / 159 天（1.8 筆/天） 每筆 +0.112 ATR  日均 +0.154  t=+3.14  H1 +0.138 H2 +0.165  累積 +24.4 ATR  最大回撤 -2.1 ATR  正報酬天 43%
  C B + 05h（全部日子）              交易  428 筆 / 160 天（2.7 筆/天） 每筆 +0.088 ATR  日均 +0.201  t=+3.30  H1 +0.152 H2 +0.237  累積 +32.2 ATR  最大回撤 -2.4 ATR  正報酬天 50%
  D 01~10h 每個整點都做（無反手）         交易 1552 筆 / 160 天（9.7 筆/天） 每筆 +0.039 ATR  日均 +0.377  t=+2.36  H1 +0.338 H2 +0.406  累積 +60.4 ATR  最大回撤 -8.7 ATR  正報酬天 45%
