交易日數：193（2026/1/2 ~ 10/8，4/7~4/14 缺資料）

=== 1 & 2. 回檔進場 vs 趨勢中沒回檔就進場（同方向、同停損、tp2）===
           設定   a  進場    n   每天   avgR     t  win   pf    總R  最大回撤R  月份正     前半     後半
30min 20/10/3 0.3  回檔  190 0.98  0.181  1.98 0.46 1.38  34.3   -9.1 7/10  0.112  0.252
30min 20/10/3 0.3 沒回檔  237 1.23  0.179  2.20 0.46 1.39  42.4  -10.6 7/10  0.279  0.086
30min 20/10/3 0.4  回檔  122 0.63  0.181  1.66 0.47 1.41  22.1   -7.8 8/10  0.238  0.126
30min 20/10/3 0.4 沒回檔  185 0.96  0.195  2.27 0.50 1.47  36.0   -8.2 7/10  0.264  0.124
30min 20/10/3 0.5  回檔   55 0.28  0.161  0.99 0.47 1.36   8.9   -5.0 7/10  0.096  0.228
30min 20/10/3 0.5 沒回檔  118 0.61  0.172  1.74 0.52 1.46  20.3   -6.4 7/10  0.260  0.084
15min 40/20/5 0.3  回檔  121 0.63  0.220  2.11 0.51 1.55  26.6   -9.6 8/10  0.295  0.151
15min 40/20/5 0.3 沒回檔  170 0.88  0.163  1.89 0.51 1.40  27.8  -12.2 8/10  0.236  0.090
15min 40/20/5 0.4  回檔   40 0.21  0.061  0.38 0.45 1.15   2.5   -8.9  5/9  0.122 -0.006
15min 40/20/5 0.4 沒回檔   94 0.49  0.126  1.25 0.47 1.37  11.8   -6.6 6/10  0.193  0.064
15min 40/20/5 0.5  回檔    8 0.04  0.592  1.41 0.75 3.36   4.7   -2.0  5/6  0.495  0.690
15min 40/20/5 0.5 沒回檔   30 0.16  0.107  0.66 0.47 1.36   3.2   -3.2  5/9  0.214 -0.014
15min 20/10/3 0.3  回檔  374 1.94  0.062  0.97 0.42 1.12  23.2  -22.1 6/10 -0.058  0.174
15min 20/10/3 0.3 沒回檔  499 2.59 -0.024 -0.44 0.40 0.96 -11.8  -47.9 4/10  0.050 -0.100
15min 20/10/3 0.4  回檔  196 1.02  0.167  1.94 0.47 1.38  32.7  -14.0 7/10  0.026  0.291
15min 20/10/3 0.4 沒回檔  386 2.00 -0.002 -0.03 0.41 1.00  -0.7  -25.2 4/10  0.022 -0.025
15min 20/10/3 0.5  回檔   90 0.47  0.222  1.76 0.51 1.55  20.0   -5.6 7/10  0.061  0.369
15min 20/10/3 0.5 沒回檔  225 1.17  0.131  1.79 0.48 1.33  29.4  -10.0 7/10  0.134  0.128
 5min 20/10/3 0.3  回檔 1114 5.77  0.031  0.85 0.41 1.06  34.7  -23.0 8/10  0.039  0.023
 5min 20/10/3 0.3 沒回檔 1401 7.26 -0.003 -0.09 0.42 0.99  -4.0  -57.4 5/10 -0.021  0.016
 5min 20/10/3 0.4  回檔  644 3.34  0.051  1.09 0.43 1.11  32.9  -27.1 7/10 -0.001  0.105
 5min 20/10/3 0.4 沒回檔 1058 5.48  0.001  0.02 0.43 1.00   0.8  -38.7 7/10  0.011 -0.009
 5min 20/10/3 0.5  回檔  272 1.41  0.050  0.73 0.45 1.11  13.5  -16.7 4/10 -0.034  0.140
 5min 20/10/3 0.5 沒回檔  637 3.30  0.060  1.38 0.47 1.14  37.9  -15.8 6/10  0.049  0.069

=== 3a. 冷卻期縮短（同段趨勢可多次進場）a=0.3 ===
           設定  冷卻   n   每天  avgR    t  win   pf   總R  最大回撤R  月份正     前半    後半
30min 20/10/3  10 190 0.98 0.181 1.98 0.46 1.38 34.3   -9.1 7/10  0.112 0.252
30min 20/10/3   3 271 1.40 0.180 2.31 0.45 1.37 48.7   -8.2 9/10  0.132 0.235
30min 20/10/3   1 326 1.69 0.145 2.04 0.44 1.29 47.3  -12.3 8/10  0.122 0.171
15min 40/20/5  20 121 0.63 0.220 2.11 0.51 1.55 26.6   -9.6 8/10  0.295 0.151
15min 40/20/5   5 177 0.92 0.225 2.60 0.51 1.57 39.9  -10.6 9/10  0.243 0.206
15min 40/20/5   1 269 1.39 0.241 3.24 0.49 1.57 64.9  -16.0 7/10  0.208 0.278
15min 20/10/3  10 374 1.94 0.062 0.97 0.42 1.12 23.2  -22.1 6/10 -0.058 0.174
15min 20/10/3   3 502 2.60 0.041 0.74 0.41 1.08 20.6  -34.8 5/10 -0.035 0.111
15min 20/10/3   1 595 3.08 0.040 0.76 0.40 1.07 23.7  -34.7 5/10 -0.015 0.091

=== 3b. 多組合併（每組各自獨立下單，每筆 1R）===
             組合   n   每天  avgR    t  win   pf    總R  最大回撤R  月份正    前半     後半
M30 20/10/3 a.3 190 0.98 0.181 1.98 0.46 1.38  34.3   -9.1 7/10 0.112  0.252
M15 40/20/5 a.3 121 0.63 0.220 2.11 0.51 1.55  26.6   -9.6 8/10 0.295  0.151
M15 20/10/3 a.4 196 1.02 0.167 1.94 0.47 1.38  32.7  -14.0 7/10 0.026  0.291
M30 40/20/5 a.3  63 0.33 0.017 0.12 0.41 1.04   1.0   -9.3 4/10 0.161 -0.115
 M30 14/7/2 a.4 226 1.17 0.225 2.65 0.45 1.49  51.0  -15.0 8/10 0.175  0.278
             合併 796 4.12 0.183 4.23 0.46 1.41 145.7  -21.9 8/10 0.141  0.223
日損益相關係數
                 M30 20/10/3 a.3  M15 40/20/5 a.3  M15 20/10/3 a.4  M30 40/20/5 a.3  M30 14/7/2 a.4
M30 20/10/3 a.3             1.00             0.52             0.28             0.14            0.48
M15 40/20/5 a.3             0.52             1.00             0.33             0.26            0.35
M15 20/10/3 a.4             0.28             0.33             1.00             0.09            0.43
M30 40/20/5 a.3             0.14             0.26             0.09             1.00            0.23
M30 14/7/2 a.4              0.48             0.35             0.43             0.23            1.00
合併日損益：平均 +0.755R/天、日 t 值 2.81、虧損日 47%、最差一天 -7.4R

=== 3c. M30 判斷趨勢 + M5 回檔進場 ===
 M30_ER   a  M5短ER  停損回看  tp   n   每天   avgR     t  win   pf   總R  最大回撤R  月份正     前半     後半
     20 0.3      3    10   2 577 2.99 -0.005 -0.09 0.39 0.99 -2.8  -41.5 4/10  0.100 -0.109
     20 0.3      3    10   3 577 2.99  0.020  0.34 0.36 1.04 11.8  -43.2 5/10  0.131 -0.090
     20 0.3      5    20   2 392 2.03  0.058  0.94 0.43 1.11 22.8  -15.3 5/10  0.083  0.034
     20 0.3      5    20   3 392 2.03  0.063  0.88 0.40 1.11 24.5  -21.8 6/10  0.105  0.022
     20 0.4      3    10   2 345 1.79  0.039  0.60 0.42 1.08 13.5  -23.5 5/10  0.107 -0.035
     20 0.4      3    10   3 345 1.79  0.138  1.75 0.41 1.26 47.5  -14.1 5/10  0.196  0.074
     20 0.4      5    20   2 265 1.37  0.018  0.25 0.42 1.04  4.9  -15.4 5/10 -0.065  0.107
     20 0.4      5    20   3 265 1.37  0.027  0.33 0.40 1.05  7.3  -16.7 5/10 -0.046  0.106
     20 0.5      3    10   2 201 1.04  0.044  0.51 0.41 1.09  8.9  -22.8 5/10  0.213 -0.123
     20 0.5      3    10   3 201 1.04  0.151  1.44 0.39 1.29 30.3  -22.1 6/10  0.311 -0.008
     20 0.5      5    20   2 161 0.83  0.059  0.62 0.43 1.12  9.5  -10.7 7/10 -0.010  0.130
     20 0.5      5    20   3 161 0.83  0.043  0.40 0.40 1.08  6.9  -14.7 6/10  0.035  0.051
     40 0.3      3    10   2 272 1.41  0.050  0.68 0.42 1.10 13.7  -14.0 5/10  0.067  0.030
     40 0.3      3    10   3 272 1.41  0.134  1.50 0.40 1.25 36.5  -11.6 6/10  0.190  0.063
     40 0.3      5    20   2 186 0.96  0.125  1.44 0.46 1.28 23.2  -14.8 6/10  0.134  0.114
     40 0.3      5    20   3 186 0.96  0.179  1.80 0.45 1.40 33.3  -15.3 7/10  0.155  0.206
     40 0.4      3    10   2 124 0.64  0.286  2.49 0.51 1.66 35.5   -9.1 6/10  0.477  0.095
     40 0.4      3    10   3 124 0.64  0.407  2.88 0.49 1.91 50.4   -6.2 8/10  0.557  0.256
     40 0.4      5    20   2  90 0.47  0.404  3.11 0.58 2.14 36.3   -5.6 8/10  0.497  0.314
     40 0.4      5    20   3  90 0.47  0.521  3.41 0.58 2.47 46.9   -5.6 8/10  0.582  0.463
     40 0.5      3    10   2  50 0.26  0.085  0.50 0.48 1.17  4.2  -10.4  5/8  0.414 -0.334
     40 0.5      3    10   3  50 0.26 -0.006 -0.03 0.42 0.99 -0.3  -13.5  3/8  0.323 -0.425
     40 0.5      5    20   2  40 0.21  0.170  0.92 0.42 1.42  6.8   -4.4  4/8  0.373 -0.033
     40 0.5      5    20   3  40 0.21  0.263  1.22 0.42 1.65 10.5   -4.4  4/8  0.504  0.022
