=== 1. 各來源：碰觸數、彈回率（先反彈 1 ATR）、兩種單的平均 R（每次碰觸都做、未限制一次一筆）===
                 n  bounce    bR2    kR2
src     half                            
kde15   1     1039   0.487  0.016 -0.003
        2      770   0.472 -0.063 -0.058
kde60   1      230   0.476  0.047  0.048
        2      276   0.520  0.106 -0.149
pdhl    1      323   0.447 -0.003 -0.010
        2      427   0.464 -0.067 -0.037
placebo 1     1065   0.453 -0.075  0.043
        2      780   0.452 -0.113  0.028
r10     1     3725   0.475 -0.014 -0.017
        2     3386   0.452 -0.100  0.010
r50     1      981   0.446 -0.077  0.038
        2      747   0.418 -0.133  0.139

=== 2. 單一特徵五分位的彈回率（真實價位 kde15+kde60+pdhl+r50+r10 合併；前半 / 後半；placebo）===

[run6]
half             1      2     n  placebo
run6                                    
-8.59~-0.79  0.471  0.459  2382    0.423
-0.79~0.19   0.448  0.444  2384    0.432
0.19~0.99    0.475  0.485  2378    0.451
0.99~1.89    0.483  0.437  2379    0.449
1.89~8.59    0.478  0.451  2381    0.503

[run12]
half             1      2     n  placebo
run12                                   
-8.45~-1.40  0.473  0.461  2381    0.441
-1.40~-0.02  0.457  0.461  2381    0.418
-0.02~1.13   0.455  0.477  2380    0.450
1.13~2.44    0.509  0.426  2381    0.465
2.44~8.18    0.461  0.449  2381    0.485

[er12]
half           1      2     n  placebo
er12                                  
0.00~0.10  0.452  0.454  2382    0.434
0.10~0.21  0.457  0.472  2380    0.406
0.21~0.33  0.511  0.439  2381    0.459
0.33~0.49  0.482  0.440  2381    0.467
0.49~1.00  0.454  0.469  2380    0.492

[appr_bars]
half             1      2     n  placebo
appr_bars                               
1.00~2.00    0.473  0.447  9232    0.448
2.00~3.00    0.463  0.506  1568    0.465
3.00~288.00  0.468  0.445  1104    0.469

[htf]
half              1      2     n  placebo
htf                                      
-23.68~-4.23  0.428  0.446  2382    0.477
-4.23~-1.65   0.504  0.455  2380    0.481
-1.65~0.84    0.474  0.440  2380    0.412
0.84~3.63     0.486  0.455  2381    0.447
3.63~28.87    0.455  0.475  2381    0.443

[htf_slope]
half              1      2     n  placebo
htf_slope                                
-10.61~-1.29  0.447  0.439  2382    0.480
-1.29~-0.32   0.481  0.446  2380    0.432
-0.32~0.45    0.480  0.473  2380    0.442
0.45~1.51     0.470  0.454  2381    0.440
1.51~14.43    0.474  0.464  2381    0.466

[day_ext]
half              1      2     n  placebo
day_ext                                  
-43.87~-4.90  0.487  0.474  2381    0.461
-4.90~-1.02   0.500  0.467  2381    0.432
-1.02~1.78    0.444  0.441  2380    0.443
1.78~5.52     0.457  0.456  2381    0.466
5.52~48.03    0.468  0.435  2381    0.455

[vol_ratio]
half           1      2     n  placebo
vol_ratio                             
0.28~0.72  0.464  0.446  2381    0.421
0.72~0.88  0.467  0.453  2381    0.471
0.88~1.06  0.478  0.452  2381    0.445
1.06~1.34  0.469  0.448  2380    0.445
1.34~5.60  0.478  0.474  2381    0.477

[tv_ratio]
half           1      2     n  placebo
tv_ratio                              
0.30~0.87  0.457  0.439  2381    0.443
0.87~1.00  0.486  0.459  2382    0.455
1.00~1.15  0.480  0.503  2379    0.508
1.15~1.33  0.456  0.438  2382    0.394
1.33~2.94  0.473  0.444  2380    0.465

[ntouch]
half            1      2     n  placebo
ntouch                                 
1.00~2.00   0.452  0.457  4023    0.455
2.00~3.00   0.493  0.436  1523    0.415
3.00~5.00   0.498  0.470  2283    0.455
5.00~8.00   0.459  0.459  2043    0.479
8.00~38.00  0.474  0.439  2032    0.447

[session]
half         1      2     n
session                    
asia     0.446  0.459  5116
late     0.507  0.433  1603
london   0.476  0.479  3178
ny       0.477  0.437  3852

[src]
half         1      2     n
src                        
kde15    0.487  0.472  1809
kde60    0.476  0.520   506
pdhl     0.447  0.464   750
placebo  0.453  0.452  1845
r10      0.475  0.452  7111
r50      0.446  0.418  1728

=== 3. 邏輯迴歸：雙向樣本外（真實價位）===

訓練 1 半 → 測試 2 半；係數（標準化後，正 = 較容易彈回）
htf_slope   -0.105
src_r50     -0.077
src_pdhl    -0.048
src_r10     -0.048
strength    -0.025
day_ext     -0.024
src_kde60   -0.009
er12        -0.006
tv_ratio     0.006
appr_bars    0.027
vol_ratio    0.036
ntouch       0.038
s_london     0.039
run6         0.040
s_ny         0.043
run12        0.056
s_late       0.068
htf          0.119
測試期依預測機率分組的實際彈回率
                   n  bounce    bR2    kR2
p                                         
(0.292, 0.445]  1122   0.451 -0.058 -0.006
(0.445, 0.465]  1121   0.448 -0.101 -0.020
(0.465, 0.482]  1121   0.458 -0.089 -0.009
(0.482, 0.501]  1121   0.462 -0.092  0.012
(0.501, 0.597]  1121   0.455 -0.093  0.056

訓練 2 半 → 測試 1 半；係數（標準化後，正 = 較容易彈回）
s_ny        -0.087
run12       -0.077
htf         -0.073
s_late      -0.057
tv_ratio    -0.040
src_r50     -0.021
day_ext      0.004
er12         0.011
ntouch       0.013
s_london     0.015
run6         0.025
src_pdhl     0.034
src_r10      0.035
src_kde60    0.035
appr_bars    0.036
strength     0.074
vol_ratio    0.090
htf_slope    0.115
測試期依預測機率分組的實際彈回率
                   n  bounce    bR2    kR2
p                                         
(0.276, 0.421]  1260   0.459 -0.027  0.018
(0.421, 0.444]  1259   0.470 -0.026 -0.015
(0.444, 0.464]  1260   0.479 -0.004 -0.012
(0.464, 0.487]  1259   0.470 -0.032 -0.008
(0.487, 0.651]  1260   0.476  0.008  0.000

=== 4. 樣本外交易（一次一筆、扣點差；突破單另扣 0.05 ATR 滑價）===
    train  test  tp    th        rule     n  per_day    win   avgR      t     PF     totR    maxDD  train_avgR
0       1     2   1  0.58       model   280    2.979  0.561  0.033  0.554  1.069    9.235   14.309       0.019
1       1     2   1  0.58  model 只做彈回     4      NaN    NaN    NaN    NaN    NaN      NaN      NaN         NaN
2       1     2   1  0.58  model 只做突破   276    2.936  0.562  0.034  0.560  1.070    9.271   14.309         NaN
3       1     2   1  0.58       全部做彈回  3175   33.777  0.473 -0.084 -4.722  0.846 -265.466  275.934         NaN
4       1     2   1  0.58       全部做突破  3175   33.777  0.514 -0.050 -2.811  0.905 -158.164  167.946         NaN
5       1     2   2  0.56       model   698    7.426  0.350 -0.039 -0.729  0.944  -27.495   57.265       0.097
6       1     2   2  0.56  model 只做彈回    16    0.170  0.250 -0.267 -0.794  0.650   -4.277    6.271         NaN
7       1     2   2  0.56  model 只做突破   682    7.255  0.352 -0.034 -0.622  0.952  -23.218   52.083         NaN
8       1     2   2  0.56       全部做彈回  2433   25.883  0.326 -0.078 -2.803  0.887 -190.270  207.497         NaN
9       1     2   2  0.56       全部做突破  2494   26.532  0.347 -0.051 -1.822  0.927 -128.149  148.079         NaN
10      2     1   1  0.62       model   137    1.779  0.504 -0.063 -0.735  0.881   -8.588   14.393       0.253
11      2     1   1  0.62  model 只做彈回    12    0.156  0.333 -0.391 -1.470  0.417   -4.692    4.692         NaN
12      2     1   1  0.62  model 只做突破   125    1.623  0.520 -0.031 -0.348  0.939   -3.896   12.627         NaN
13      2     1   1  0.62       全部做彈回  2900   37.662  0.496 -0.028 -1.501  0.946  -80.812  102.242         NaN
14      2     1   1  0.62       全部做突破  2900   37.662  0.494 -0.081 -4.381  0.850 -235.694  258.143         NaN
15      2     1   2  0.62       model   132    1.714  0.364 -0.004 -0.030  0.995   -0.491   18.433       0.526
16      2     1   2  0.62  model 只做彈回    12    0.156  0.333 -0.253 -0.751  0.622   -3.041    3.041         NaN
17      2     1   2  0.62  model 只做突破   120    1.558  0.367  0.021  0.161  1.031    2.549   16.414         NaN
18      2     1   2  0.62       全部做彈回  2134   27.714  0.351  0.014  0.468  1.022   30.463   45.038         NaN
19      2     1   2  0.62       全部做突破  2205   28.636  0.352 -0.028 -0.915  0.960  -60.683  136.703         NaN

=== 5. 預測力（AUC，0.5 = 擲硬幣）===
訓練前半 → 測試後半：logit 訓練 0.536 / 測試 0.504；GBM（深度 3）訓練 0.713 / 測試 0.486
訓練後半 → 測試前半：logit 訓練 0.541 / 測試 0.504；GBM 訓練 0.714 / 測試 0.493
