
=== M5 ou  持有上限 40 根  目標 無
      L   ≈小時  thr    筆數    每天    順勢%     每筆R    勝率    PF      總R    MDD  P/MDD  Sharpe     前半     後半
    100     8  2.5   264  1.38    65%  +0.072   30%  1.10   +18.9   25.6    0.7   +0.69  +0.16  +1.12
    100     8  3.0   170  0.89    79%  +0.109   32%  1.16   +18.5   19.7    0.9   +0.85  +1.26  +0.52
    200    17  2.5   174  0.91    76%  +0.099   32%  1.15   +17.3   19.2    0.9   +0.81  +0.29  +1.31
    200    17  3.0   121  0.63    88%  +0.229   34%  1.35   +27.7   11.1    2.5   +1.31  +1.38  +1.22
    300    25  2.5   168  0.88    76%  +0.269   32%  1.41   +45.2   22.8    2.0   +1.62  +0.36  +2.84
    300    25  3.0   121  0.63    91%  +0.274   34%  1.42   +33.2   11.6    2.9   +1.49  +0.90  +2.04
    400    33  2.5   154  0.80    77%  +0.074   25%  1.10   +11.4   35.4    0.3   +0.39  +0.64  -0.02
    400    33  3.0   128  0.67    91%  +0.182   30%  1.26   +23.4   21.1    1.1   +0.87  +1.02  +0.66
    600    50  2.5   123  0.64    78%  +0.333   37%  1.56   +41.0   14.8    2.8   +1.75  +0.91  +2.43
    600    50  3.0   103  0.54    89%  +0.304   33%  1.47   +31.3   10.2    3.1   +1.54  +2.10  +0.76
    800    67  2.5   133  0.69    84%  +0.333   30%  1.49   +44.3   18.6    2.4   +1.56  +0.42  +2.60
    800    67  3.0   117  0.61    92%  +0.334   27%  1.46   +39.0   10.4    3.7   +1.53  +2.22  +0.75
   1200   100  2.5   124  0.65    89%  +0.549   31%  1.83   +68.1   16.8    4.0   +2.26  +2.22  +2.41
   1200   100  3.0    94  0.49    97%  +0.773   41%  2.34   +72.6   11.6    6.3   +2.64  +2.32  +3.10
   1600   133  2.5    94  0.49    96%  +0.475   33%  1.71   +44.6   12.7    3.5   +2.09  +1.93  +2.46
   1600   133  3.0    87  0.45   100%  +0.412   30%  1.59   +35.8   17.1    2.1   +1.46  +1.40  +1.70
   2400   200  2.5    79  0.41    85%  +0.071   33%  1.10    +5.6   11.6    0.5   +0.32  +0.47  +0.17
   2400   200  3.0    61  0.32    97%  +0.702   41%  2.19   +42.8    6.4    6.7   +1.68  +1.48  +2.02

=== M5 ou  持有上限 40 根  目標 5 ATR
      L   ≈小時  thr    筆數    每天    順勢%     每筆R    勝率    PF      總R    MDD  P/MDD  Sharpe     前半     後半
    100     8  2.5   270  1.41    65%  +0.072   32%  1.11   +19.5   23.1    0.8   +0.78  +0.44  +1.10
    100     8  3.0   173  0.90    79%  +0.156   35%  1.24   +27.0   17.4    1.5   +1.29  +2.11  +0.39
    200    17  2.5   183  0.95    77%  +0.165   35%  1.26   +30.2   12.6    2.4   +1.48  +1.73  +1.17
    200    17  3.0   127  0.66    88%  +0.146   35%  1.23   +18.6   11.1    1.7   +1.04  +1.25  +0.80
    300    25  2.5   175  0.91    77%  +0.142   34%  1.22   +24.9   23.2    1.1   +1.18  -0.35  +2.73
    300    25  3.0   126  0.66    91%  +0.153   34%  1.24   +19.3   11.0    1.8   +1.13  +0.53  +1.77
    400    33  2.5   156  0.81    77%  -0.112   27%  0.85   -17.5   35.4   -0.5   -1.03  -2.15  +0.36
    400    33  3.0   129  0.67    91%  -0.011   33%  0.98    -1.4   20.2   -0.1   -0.08  -1.41  +1.19
    600    50  2.5   132  0.69    77%  +0.218   38%  1.37   +28.8   13.9    2.1   +1.66  +0.78  +2.98
    600    50  3.0   107  0.56    90%  +0.234   36%  1.38   +25.1    7.9    3.2   +1.51  +1.78  +1.18
    800    67  2.5   137  0.71    85%  +0.104   31%  1.15   +14.3   13.9    1.0   +0.82  -0.21  +2.04
    800    67  3.0   121  0.63    92%  +0.054   29%  1.08    +6.5   16.9    0.4   +0.40  +1.13  -0.33
   1200   100  2.5   127  0.66    89%  +0.261   33%  1.41   +33.2   16.7    2.0   +1.83  +1.67  +2.07
   1200   100  3.0    95  0.49    97%  +0.450   42%  1.79   +42.7   10.2    4.2   +2.70  +1.94  +3.45
   1600   133  2.5    94  0.49    96%  +0.292   36%  1.46   +27.5   10.6    2.6   +1.86  +0.99  +2.70
   1600   133  3.0    87  0.45   100%  +0.101   32%  1.15    +8.8   14.1    0.6   +0.64  +0.10  +1.18
   2400   200  2.5    80  0.42    85%  +0.055   34%  1.08    +4.4   10.5    0.4   +0.34  -0.69  +1.03
   2400   200  3.0    62  0.32    97%  +0.438   42%  1.76   +27.1    5.0    5.4   +2.22  +1.38  +2.86

=== M5 ou  持有上限 120 根  目標 無
      L   ≈小時  thr    筆數    每天    順勢%     每筆R    勝率    PF      總R    MDD  P/MDD  Sharpe     前半     後半
    100     8  2.5   240  1.25    63%  +0.242   23%  1.31   +58.0   20.3    2.9   +1.55  +0.60  +2.40
    100     8  3.0   154  0.80    77%  +0.028   23%  1.04    +4.3   34.3    0.1   +0.17  +0.35  -0.03
    200    17  2.5   158  0.82    73%  +0.040   20%  1.05    +6.2   31.0    0.2   +0.24  -0.68  +1.19
    200    17  3.0   102  0.53    85%  +0.175   20%  1.22   +17.8   12.3    1.4   +0.71  +0.77  +0.65
    300    25  2.5   146  0.76    73%  +0.183   21%  1.23   +26.7   21.3    1.3   +0.89  +0.75  +1.06
    300    25  3.0   103  0.54    89%  +0.296   22%  1.37   +30.5   18.9    1.6   +1.14  +1.69  +0.56
    400    33  2.5   133  0.69    74%  -0.061   17%  0.93    -8.1   39.2   -0.2   -0.29  -0.97  +0.53
    400    33  3.0   103  0.54    89%  +0.102   21%  1.13   +10.5   24.5    0.4   +0.41  +0.09  +0.88
    600    50  2.5   106  0.55    75%  +0.117   22%  1.15   +12.4   22.2    0.6   +0.56  -0.65  +1.64
    600    50  3.0    84  0.44    87%  +0.207   23%  1.27   +17.4   14.2    1.2   +0.84  +0.80  +0.88
    800    67  2.5   112  0.58    82%  +0.453   22%  1.57   +50.8   17.7    2.9   +1.55  +0.85  +2.32
    800    67  3.0   103  0.54    91%  +0.338   21%  1.42   +34.8    9.3    3.8   +1.19  +1.60  +0.70
   1200   100  2.5   101  0.53    88%  +0.918   26%  2.21   +92.7   15.4    6.0   +1.95  +1.55  +3.00
   1200   100  3.0    72  0.38    96%  +1.342   32%  2.94   +96.6    9.8    9.8   +2.23  +2.10  +3.02
   1600   133  2.5    80  0.42    95%  +1.138   26%  2.52   +91.0   12.1    7.5   +2.42  +2.25  +2.93
   1600   133  3.0    74  0.39   100%  +1.017   24%  2.33   +75.3   14.5    5.2   +2.03  +1.93  +2.31
   2400   200  2.5    67  0.35    84%  -0.120   19%  0.86    -8.0   25.2   -0.3   -0.51  -2.68  +0.76
   2400   200  3.0    49  0.26    96%  +0.230   27%  1.31   +11.3    9.0    1.2   +0.76  -0.11  +1.26

=== M5 ou  持有上限 120 根  目標 5 ATR
      L   ≈小時  thr    筆數    每天    順勢%     每筆R    勝率    PF      總R    MDD  P/MDD  Sharpe     前半     後半
    100     8  2.5   268  1.40    65%  +0.101   28%  1.14   +27.1   18.4    1.5   +1.03  +0.54  +1.49
    100     8  3.0   171  0.89    79%  +0.142   29%  1.20   +24.2   21.4    1.1   +1.09  +1.84  +0.28
    200    17  2.5   177  0.92    76%  +0.148   29%  1.20   +26.2   13.0    2.0   +1.16  +0.86  +1.50
    200    17  3.0   121  0.63    88%  +0.106   27%  1.14   +12.8   12.2    1.0   +0.65  +0.59  +0.71
    300    25  2.5   165  0.86    75%  +0.112   28%  1.16   +18.5   24.4    0.8   +0.90  -0.64  +2.50
    300    25  3.0   116  0.60    91%  +0.230   30%  1.32   +26.6   10.5    2.5   +1.48  +0.85  +2.13
    400    33  2.5   147  0.77    76%  -0.194   21%  0.76   -28.6   43.8   -0.7   -1.60  -3.06  -0.10
    400    33  3.0   116  0.60    91%  -0.021   26%  0.97    -2.4   22.3   -0.1   -0.12  -1.71  +1.24
    600    50  2.5   122  0.64    75%  +0.195   30%  1.28   +23.8   14.5    1.6   +1.21  +0.58  +2.27
    600    50  3.0    98  0.51    89%  +0.206   30%  1.28   +20.2    8.6    2.4   +1.10  +1.19  +0.99
    800    67  2.5   125  0.65    83%  +0.100   28%  1.14   +12.5   14.2    0.9   +0.73  -0.88  +2.25
    800    67  3.0   112  0.58    91%  +0.137   29%  1.19   +15.4   10.1    1.5   +0.91  +0.74  +1.07
   1200   100  2.5   114  0.59    89%  +0.286   32%  1.41   +32.6   17.2    1.9   +1.82  +1.38  +2.38
   1200   100  3.0    82  0.43    96%  +0.514   39%  1.83   +42.2    7.1    5.9   +2.59  +2.02  +3.16
   1600   133  2.5    83  0.43    95%  +0.437   35%  1.67   +36.3   10.1    3.6   +2.18  +1.57  +2.84
   1600   133  3.0    77  0.40   100%  +0.288   31%  1.42   +22.2   11.1    2.0   +1.42  +1.34  +1.51
   2400   200  2.5    72  0.38    85%  -0.122   24%  0.84    -8.8   20.8   -0.4   -0.72  -2.48  +0.56
   2400   200  3.0    53  0.28    96%  +0.426   36%  1.66   +22.6    5.4    4.1   +1.72  +1.29  +2.08

=== M5 ou_ew  持有上限 40 根  目標 無
      L   ≈小時  thr    筆數    每天    順勢%     每筆R    勝率    PF      總R    MDD  P/MDD  Sharpe     前半     後半
    100     8  2.5   280  1.46    99%  +0.084   25%  1.11   +23.4   22.3    1.1   +0.61  -0.57  +1.58
    100     8  3.0   256  1.33   100%  +0.013   26%  1.02    +3.3   35.8    0.1   +0.10  -1.31  +1.30
    200    17  2.5   225  1.17   100%  +0.018   25%  1.02    +3.9   25.7    0.2   +0.12  +0.14  +0.10
    200    17  3.0   212  1.10   100%  -0.013   23%  0.98    -2.9   31.5   -0.1   -0.09  +0.40  -0.51
    300    25  2.5   202  1.05   100%  +0.153   31%  1.22   +30.9   13.8    2.2   +1.04  +1.22  +0.84
    300    25  3.0   185  0.96   100%  +0.309   32%  1.46   +57.1   14.3    4.0   +1.80  +2.21  +1.33
    400    33  2.5   183  0.95   100%  +0.132   31%  1.19   +24.2   20.6    1.2   +1.01  +1.94  -0.23
    400    33  3.0   169  0.88   100%  +0.274   35%  1.43   +46.3   14.3    3.2   +1.78  +2.59  +0.66
    600    50  2.5   165  0.86   100%  +0.192   31%  1.28   +31.7   20.1    1.6   +1.14  +2.09  -0.28
    600    50  3.0   158  0.82   100%  +0.026   30%  1.04    +4.1   15.6    0.3   +0.20  -0.08  +0.52
    800    67  2.5   143  0.74   100%  +0.450   35%  1.70   +64.3   14.8    4.4   +1.83  +1.93  +1.85
    800    67  3.0   140  0.73   100%  +0.286   31%  1.42   +40.0   18.1    2.2   +1.30  +1.41  +1.19
   1200   100  2.5   115  0.60   100%  +0.247   32%  1.37   +28.4   16.2    1.7   +1.47  -0.34  +3.01
   1200   100  3.0   105  0.55   100%  +0.426   38%  1.70   +44.8   11.6    3.9   +2.25  +1.16  +3.10
   1600   133  2.5   105  0.55    99%  +0.277   30%  1.39   +29.1   20.6    1.4   +1.46  -0.87  +3.19
   1600   133  3.0    96  0.50    99%  +0.462   33%  1.70   +44.3   21.1    2.1   +1.94  +0.14  +3.68
   2400   200  2.5    79  0.41   100%  +0.552   42%  1.95   +43.6    6.0    7.3   +2.61  +2.38  +2.82
   2400   200  3.0    90  0.47   100%  +0.487   33%  1.73   +43.8    7.1    6.2   +2.08  +2.08  +2.29

=== M5 ou_ew  持有上限 40 根  目標 5 ATR
      L   ≈小時  thr    筆數    每天    順勢%     每筆R    勝率    PF      總R    MDD  P/MDD  Sharpe     前半     後半
    100     8  2.5   295  1.54    99%  +0.024   30%  1.03    +7.0   20.9    0.3   +0.26  -0.11  +0.63
    100     8  3.0   270  1.41   100%  +0.023   31%  1.03    +6.1   20.3    0.3   +0.24  -0.41  +0.91
    200    17  2.5   231  1.20   100%  -0.079   28%  0.89   -18.2   26.9   -0.7   -0.81  -0.11  -1.68
    200    17  3.0   218  1.14   100%  -0.065   26%  0.91   -14.1   28.2   -0.5   -0.58  +0.20  -1.31
    300    25  2.5   208  1.08   100%  +0.038   33%  1.06    +8.0   18.3    0.4   +0.39  +1.16  -0.60
    300    25  3.0   189  0.98   100%  +0.109   34%  1.17   +20.7   14.8    1.4   +0.99  +2.30  -0.72
    400    33  2.5   188  0.98   100%  +0.048   32%  1.07    +9.0   16.8    0.5   +0.46  +1.23  -0.40
    400    33  3.0   174  0.91   100%  +0.177   37%  1.29   +30.8    8.9    3.5   +1.53  +2.30  +0.68
    600    50  2.5   169  0.88   100%  +0.054   33%  1.08    +9.1   16.7    0.5   +0.49  +1.53  -0.39
    600    50  3.0   164  0.85   100%  +0.085   34%  1.13   +13.9   15.1    0.9   +0.73  +0.38  +1.03
    800    67  2.5   145  0.76   100%  +0.175   37%  1.28   +25.4   10.4    2.4   +1.43  +0.79  +1.97
    800    67  3.0   140  0.73   100%  +0.062   34%  1.09    +8.7   12.8    0.7   +0.45  -0.50  +1.34
   1200   100  2.5   117  0.61   100%  +0.226   35%  1.35   +26.4    8.2    3.2   +1.66  +0.47  +2.94
   1200   100  3.0   106  0.55   100%  +0.452   42%  1.79   +47.9    6.1    7.9   +2.86  +2.13  +3.49
   1600   133  2.5   108  0.56    99%  +0.192   32%  1.28   +20.8   10.8    1.9   +1.29  +0.35  +2.15
   1600   133  3.0    99  0.52    99%  +0.281   36%  1.44   +27.8   13.5    2.1   +1.68  +0.45  +3.28
   2400   200  2.5    80  0.42   100%  +0.411   44%  1.73   +32.9    8.4    3.9   +2.27  +1.64  +2.87
   2400   200  3.0    91  0.47   100%  +0.149   34%  1.23   +13.5    9.1    1.5   +1.06  +1.35  +0.69

=== M5 ou_ew  持有上限 120 根  目標 無
      L   ≈小時  thr    筆數    每天    順勢%     每筆R    勝率    PF      總R    MDD  P/MDD  Sharpe     前半     後半
    100     8  2.5   241  1.26    99%  +0.056   17%  1.07   +13.6   40.4    0.3   +0.33  +0.15  +0.50
    100     8  3.0   217  1.13   100%  -0.024   18%  0.97    -5.2   64.6   -0.1   -0.15  -1.45  +0.80
    200    17  2.5   186  0.97    99%  -0.082   16%  0.90   -15.3   38.6   -0.4   -0.47  +0.42  -1.80
    200    17  3.0   176  0.92    99%  +0.004   16%  1.01    +0.8   33.8    0.0   +0.02  +1.28  -1.75
    300    25  2.5   159  0.83    99%  +0.246   18%  1.29   +39.2   25.1    1.6   +1.12  +0.93  +1.31
    300    25  3.0   150  0.78   100%  +0.371   19%  1.45   +55.6   23.0    2.4   +1.51  +1.66  +1.33
    400    33  2.5   153  0.80   100%  +0.306   21%  1.38   +46.9   18.2    2.6   +1.29  +1.79  +0.69
    400    33  3.0   133  0.69   100%  +0.376   22%  1.47   +50.1   15.2    3.3   +1.46  +1.87  +0.91
    600    50  2.5   132  0.69   100%  +0.625   23%  1.79   +82.5   17.2    4.8   +1.62  +2.19  +0.66
    600    50  3.0   124  0.65   100%  +0.138   20%  1.17   +17.1   14.5    1.2   +0.63  +0.56  +0.70
    800    67  2.5   107  0.56   100%  +0.725   27%  1.97   +77.5   12.4    6.3   +2.33  +2.83  +1.67
    800    67  3.0   108  0.56   100%  +0.620   24%  1.81   +67.0   15.8    4.3   +2.01  +2.42  +1.46
   1200   100  2.5    95  0.49   100%  +0.618   25%  1.82   +58.7   18.6    3.1   +1.85  +0.68  +2.76
   1200   100  3.0    82  0.43   100%  +0.842   29%  2.17   +69.0   14.6    4.7   +2.44  +1.85  +2.98
   1600   133  2.5    95  0.49    99%  +0.655   22%  1.82   +62.2   18.8    3.3   +2.01  +0.94  +3.10
   1600   133  3.0    83  0.43    99%  +0.807   24%  2.05   +67.0   20.2    3.3   +2.27  +0.98  +3.48
   2400   200  2.5    66  0.34   100%  +1.155   33%  2.70   +76.3   10.5    7.3   +2.81  +2.76  +2.91
   2400   200  3.0    73  0.38   100%  +1.420   29%  2.96  +103.7    7.3   14.1   +2.46  +2.45  +2.79

=== M5 ou_ew  持有上限 120 根  目標 5 ATR
      L   ≈小時  thr    筆數    每天    順勢%     每筆R    勝率    PF      總R    MDD  P/MDD  Sharpe     前半     後半
    100     8  2.5   288  1.50    99%  +0.025   25%  1.03    +7.2   22.2    0.3   +0.26  +0.12  +0.37
    100     8  3.0   263  1.37   100%  +0.028   25%  1.04    +7.4   19.4    0.4   +0.28  -0.22  +0.75
    200    17  2.5   220  1.15   100%  -0.128   22%  0.84   -28.2   29.5   -1.0   -1.33  -0.76  -1.95
    200    17  3.0   205  1.07   100%  -0.093   23%  0.88   -19.1   30.0   -0.6   -0.84  +0.11  -1.72
    300    25  2.5   190  0.99    99%  -0.003   25%  1.00    -0.5   23.7   -0.0   -0.02  +1.00  -1.38
    300    25  3.0   175  0.91   100%  -0.015   24%  0.98    -2.6   19.6   -0.1   -0.13  +0.93  -1.36
    400    33  2.5   173  0.90   100%  +0.026   25%  1.03    +4.6   20.2    0.2   +0.23  +1.17  -0.66
    400    33  3.0   158  0.82   100%  +0.068   27%  1.09   +10.7   13.6    0.8   +0.55  +1.39  -0.53
    600    50  2.5   149  0.78   100%  +0.145   28%  1.20   +21.7   13.2    1.6   +1.06  +1.96  +0.12
    600    50  3.0   148  0.77   100%  +0.089   27%  1.12   +13.2   21.9    0.6   +0.65  +0.98  +0.38
    800    67  2.5   119  0.62   100%  +0.388   35%  1.59   +46.2    5.1    9.1   +2.53  +2.25  +2.79
    800    67  3.0   118  0.61   100%  +0.297   32%  1.43   +35.1   10.3    3.4   +1.80  +0.82  +2.81
   1200   100  2.5   110  0.57   100%  +0.253   32%  1.37   +27.8    9.9    2.8   +1.62  +0.70  +2.68
   1200   100  3.0    98  0.51   100%  +0.560   39%  1.90   +54.9    6.5    8.4   +2.87  +2.47  +3.24
   1600   133  2.5   101  0.53    99%  +0.162   29%  1.22   +16.4   10.8    1.5   +1.01  +0.25  +1.76
   1600   133  3.0    88  0.46    99%  +0.237   31%  1.34   +20.9   12.6    1.7   +1.38  +0.40  +2.85
   2400   200  2.5    69  0.36   100%  +0.520   39%  1.84   +35.9    7.4    4.8   +2.47  +2.50  +2.44
   2400   200  3.0    78  0.41   100%  +0.282   32%  1.41   +22.0   10.1    2.2   +1.64  +2.20  +0.97

依 L 平均（8 種 method×hold×目標×2 門檻 = 16 組）
      trend  per_day   avg  Sharpe  前Sharpe  後Sharpe  P/MDD
L                                                          
100    0.85     1.24  0.07    0.59     0.22     0.88   0.77
200    0.90     0.92  0.04    0.21     0.49    -0.13   0.57
300    0.91     0.84  0.18    1.03     0.97     1.02   1.61
400    0.92     0.78  0.09    0.43     0.42     0.36   0.98
600    0.91     0.68  0.20    1.04     1.07     0.99   1.78
800    0.94     0.64  0.30    1.40     1.11     1.65   3.08
1200   0.96     0.53  0.54    2.19     1.52     2.92   4.75
1600   0.98     0.47  0.45    1.70     0.88     2.57   2.77
2400   0.95     0.37  0.42    1.45     1.00     1.78   4.06
