=== 價位失效規則：KDE vs placebo（M5 碰觸） ===
                 cfg     rule  grp     n  placebo_n  race1  race1_pl  race2  race2_pl    tp1  tp1_pl    tp2  tp2_pl  tp2_t
0    15min rolling20     base  all  1623    1501.85  0.470     0.459  0.501     0.493 -0.083  -0.106 -0.035  -0.074 -1.019
1    15min rolling20     base   H1   791     723.65  0.481     0.465  0.519     0.495 -0.056  -0.087  0.000  -0.063  0.007
2    15min rolling20     base   H2   832     778.20  0.460     0.453  0.485     0.490 -0.110  -0.123 -0.069  -0.085 -1.443
3    15min rolling20     kill  all   128     186.30  0.391     0.446  0.373     0.489 -0.240  -0.129 -0.307  -0.071 -2.728
4    15min rolling20     kill   H1    69     101.45  0.406     0.460  0.414     0.488 -0.200  -0.094 -0.173  -0.038 -1.066
5    15min rolling20     kill   H2    59      84.85  0.373     0.430  0.327     0.490 -0.286  -0.171 -0.464  -0.109 -3.037
6    15min rolling20   kill20  all   144     223.35  0.410     0.443  0.408     0.482 -0.202  -0.137 -0.233  -0.094 -2.135
7    15min rolling20   kill20   H1    72     115.65  0.403     0.458  0.393     0.480 -0.206  -0.099 -0.208  -0.057 -1.330
8    15min rolling20   kill20   H2    72     107.70  0.417     0.426  0.422     0.485 -0.198  -0.178 -0.258  -0.133 -1.683
9    15min rolling20    kill2  all   274     355.30  0.456     0.442  0.426     0.480 -0.108  -0.136 -0.144  -0.113 -1.766
10   15min rolling20    kill2   H1   141     190.05  0.461     0.453  0.454     0.492 -0.090  -0.108 -0.100  -0.075 -0.863
11   15min rolling20    kill2   H2   133     165.25  0.451     0.430  0.397     0.466 -0.127  -0.169 -0.191  -0.156 -1.656
12   15min rolling20  last_ok  all   809     737.65  0.459     0.453  0.503     0.489 -0.105  -0.118 -0.049  -0.080 -1.005
13   15min rolling20  last_ok   H1   404     362.70  0.470     0.449  0.499     0.486 -0.077  -0.119 -0.015  -0.084 -0.220
14   15min rolling20  last_ok   H2   405     374.95  0.448     0.457  0.508     0.493 -0.134  -0.117 -0.083  -0.077 -1.210
15   15min rolling20   proven  all   729     628.75  0.467     0.452  0.515     0.486 -0.090  -0.119 -0.023  -0.084 -0.434
16   15min rolling20   proven   H1   361     304.80  0.476     0.443  0.508     0.482 -0.065  -0.131  0.001  -0.095  0.017
17   15min rolling20   proven   H2   368     323.95  0.458     0.461  0.521     0.490 -0.114  -0.108 -0.046  -0.073 -0.632
18   15min rolling60     base  all  1578    1467.95  0.476     0.469  0.498     0.502 -0.070  -0.083 -0.020  -0.032 -0.577
19   15min rolling60     base   H1   945     897.10  0.484     0.478  0.502     0.512 -0.049  -0.061  0.022  -0.010  0.486
20   15min rolling60     base   H2   633     570.85  0.464     0.455  0.492     0.488 -0.101  -0.119 -0.084  -0.066 -1.529
21   15min rolling60     kill  all   105     181.80  0.438     0.462  0.430     0.506 -0.140  -0.096 -0.088  -0.025 -0.650
22   15min rolling60     kill   H1    70     113.10  0.500     0.475  0.516     0.506 -0.011  -0.064  0.160  -0.011  0.912
23   15min rolling60     kill   H2    35      68.70  0.314     0.441  0.258     0.507 -0.397  -0.147 -0.583  -0.050 -3.247
24   15min rolling60   kill20  all   113     202.50  0.442     0.453  0.436     0.498 -0.132  -0.115 -0.048  -0.047 -0.367
25   15min rolling60   kill20   H1    77     127.90  0.494     0.465  0.507     0.500 -0.025  -0.084  0.169  -0.030  1.013
26   15min rolling60   kill20   H2    36      74.60  0.333     0.430  0.281     0.495 -0.361  -0.169 -0.514  -0.076 -2.737
27   15min rolling60    kill2  all   222     343.95  0.477     0.458  0.446     0.495 -0.063  -0.102 -0.023  -0.063 -0.252
28   15min rolling60    kill2   H1   135     214.75  0.504     0.474  0.500     0.501 -0.006  -0.064  0.153  -0.035  1.223
29   15min rolling60    kill2   H2    87     129.20  0.437     0.432  0.356     0.486 -0.153  -0.165 -0.297  -0.109 -2.229
30   15min rolling60  last_ok  all   780     739.20  0.448     0.468  0.489     0.504 -0.127  -0.087 -0.054  -0.032 -1.080
31   15min rolling60  last_ok   H1   474     458.40  0.465     0.466  0.506     0.501 -0.087  -0.085  0.023  -0.036  0.361
32   15min rolling60  last_ok   H2   306     280.80  0.422     0.471  0.465     0.508 -0.188  -0.089 -0.173  -0.026 -2.255
33   15min rolling60   proven  all   719     636.90  0.447     0.467  0.495     0.501 -0.129  -0.089 -0.053  -0.038 -1.017
34   15min rolling60   proven   H1   436     394.40  0.460     0.461  0.504     0.497 -0.099  -0.096  0.008  -0.045  0.120
35   15min rolling60   proven   H2   283     242.50  0.428     0.476  0.483     0.507 -0.176  -0.079 -0.146  -0.026 -1.816
36   15min expanding     base  all  1809    1806.00  0.481     0.471  0.496     0.499 -0.059  -0.080 -0.018  -0.031 -0.539
37   15min expanding     base   H1  1039    1054.80  0.487     0.475  0.499     0.503 -0.041  -0.066  0.016  -0.023  0.370
38   15min expanding     base   H2   770     751.20  0.472     0.464  0.493     0.493 -0.084  -0.101 -0.063  -0.043 -1.270
39   15min expanding     kill  all    93     168.05  0.430     0.447  0.482     0.492 -0.155  -0.124 -0.069  -0.074 -0.479
40   15min expanding     kill   H1    67     116.70  0.478     0.462  0.517     0.502 -0.055  -0.090  0.035  -0.053  0.198
41   15min expanding     kill   H2    26      51.35  0.308     0.415  0.400     0.469 -0.415  -0.202 -0.338  -0.123 -1.334
42   15min expanding   kill20  all   134     246.10  0.410     0.445  0.443     0.485 -0.195  -0.131 -0.158  -0.087 -1.349
43   15min expanding   kill20   H1    81     144.70  0.432     0.453  0.458     0.483 -0.146  -0.109 -0.073  -0.082 -0.469
44   15min expanding   kill20   H2    53     101.40  0.377     0.433  0.420     0.487 -0.270  -0.162 -0.289  -0.094 -1.613
45   15min expanding    kill2  all   198     334.60  0.470     0.461  0.489     0.496 -0.078  -0.095  0.007  -0.055  0.072
46   15min expanding    kill2   H1   137     226.75  0.504     0.466  0.528     0.501 -0.004  -0.081  0.141  -0.042  1.135
47   15min expanding    kill2   H2    61     107.85  0.393     0.452  0.404     0.486 -0.243  -0.127 -0.292  -0.081 -1.750
48   15min expanding  last_ok  all   889     890.30  0.450     0.459  0.503     0.493 -0.122  -0.104 -0.033  -0.056 -0.711
49   15min expanding  last_ok   H1   518     530.90  0.453     0.461  0.497     0.496 -0.109  -0.095 -0.015  -0.057 -0.243
50   15min expanding  last_ok   H2   371     359.40  0.445     0.456  0.512     0.487 -0.139  -0.118 -0.059  -0.053 -0.815
51   15min expanding   proven  all   834     795.25  0.452     0.460  0.504     0.490 -0.118  -0.103 -0.034  -0.057 -0.711
52   15min expanding   proven   H1   482     464.90  0.450     0.461  0.494     0.492 -0.117  -0.096 -0.024  -0.060 -0.371
53   15min expanding   proven   H2   352     330.35  0.455     0.458  0.517     0.487 -0.119  -0.112 -0.049  -0.052 -0.659
54       15min fixed     base  all   268     248.65  0.534     0.497  0.550     0.506  0.041  -0.031  0.117   0.053  1.329
55       15min fixed     base   H2   268     248.65  0.534     0.497  0.550     0.506  0.041  -0.031  0.117   0.053  1.329
56       15min fixed     kill  all    15      34.95  0.467     0.489  0.462     0.466 -0.087  -0.046 -0.620  -0.023 -2.276
57       15min fixed     kill   H2    15      34.95  0.467     0.489  0.462     0.466 -0.087  -0.046 -0.620  -0.023 -2.276
58       15min fixed   kill20  all    24      47.80  0.500     0.493  0.524     0.451 -0.019  -0.038 -0.269  -0.055 -0.995
59       15min fixed   kill20   H2    24      47.80  0.500     0.493  0.524     0.451 -0.019  -0.038 -0.269  -0.055 -0.995
60       15min fixed    kill2  all    28      66.50  0.464     0.491  0.400     0.495 -0.093  -0.043 -0.486   0.000 -2.198
61       15min fixed    kill2   H2    28      66.50  0.464     0.491  0.400     0.495 -0.093  -0.043 -0.486   0.000 -2.198
62       15min fixed  last_ok  all   146     132.55  0.541     0.495  0.588     0.488  0.055  -0.037  0.200   0.026  1.659
63       15min fixed  last_ok   H2   146     132.55  0.541     0.495  0.588     0.488  0.055  -0.037  0.200   0.026  1.659
64       15min fixed   proven  all   137     113.60  0.547     0.492  0.602     0.488  0.067  -0.043  0.237   0.028  1.894
65       15min fixed   proven   H2   137     113.60  0.547     0.492  0.602     0.488  0.067  -0.043  0.237   0.028  1.894
66      1h rolling20     base  all   742     628.50  0.471     0.470  0.481     0.488 -0.081  -0.083 -0.084  -0.047 -1.670
67      1h rolling20     base   H1   303     276.65  0.500     0.479  0.502     0.507 -0.016  -0.060 -0.000  -0.012 -0.002
68      1h rolling20     base   H2   439     351.85  0.451     0.463  0.466     0.473 -0.127  -0.102 -0.142  -0.074 -2.207
69      1h rolling20     kill  all    51      76.20  0.353     0.425  0.396     0.461 -0.317  -0.171 -0.200  -0.144 -1.053
70      1h rolling20     kill   H1    26      39.15  0.308     0.424  0.346     0.461 -0.402  -0.164 -0.325  -0.114 -1.280
71      1h rolling20     kill   H2    25      37.05  0.400     0.425  0.455     0.461 -0.230  -0.178 -0.070  -0.175 -0.244
72      1h rolling20   kill20  all    58     102.90  0.328     0.430  0.389     0.453 -0.368  -0.161 -0.274  -0.136 -1.610
73      1h rolling20   kill20   H1    26      48.40  0.308     0.436  0.346     0.475 -0.402  -0.142 -0.325  -0.085 -1.280
74      1h rolling20   kill20   H2    32      54.50  0.344     0.425  0.429     0.432 -0.341  -0.177 -0.234  -0.181 -1.000
75      1h rolling20    kill2  all    98     153.70  0.361     0.447  0.409     0.455 -0.299  -0.126 -0.264  -0.131 -2.021
76      1h rolling20    kill2   H1    51      77.55  0.333     0.453  0.306     0.462 -0.349  -0.108 -0.428  -0.096 -2.535
77      1h rolling20    kill2   H2    47      76.15  0.391     0.440  0.538     0.448 -0.245  -0.145 -0.087  -0.167 -0.435
78      1h rolling20  last_ok  all   360     317.15  0.454     0.459  0.471     0.473 -0.115  -0.105 -0.062  -0.065 -0.844
79      1h rolling20  last_ok   H1   158     144.05  0.449     0.461  0.483     0.487 -0.116  -0.095 -0.044  -0.043 -0.399
80      1h rolling20  last_ok   H2   202     173.10  0.458     0.458  0.462     0.461 -0.114  -0.113 -0.075  -0.082 -0.774
81      1h rolling20   proven  all   325     270.85  0.466     0.465  0.483     0.473 -0.090  -0.095 -0.041  -0.058 -0.532
82      1h rolling20   proven   H1   139     119.65  0.467     0.465  0.492     0.489 -0.079  -0.089 -0.019  -0.044 -0.161
83      1h rolling20   proven   H2   186     151.20  0.465     0.465  0.476     0.460 -0.099  -0.100 -0.058  -0.069 -0.565
84      1h rolling60     base  all   711     679.70  0.475     0.463  0.472     0.496 -0.074  -0.097 -0.059  -0.043 -1.133
85      1h rolling60     base   H1   358     397.45  0.489     0.469  0.481     0.506 -0.043  -0.080 -0.006  -0.023 -0.075
86      1h rolling60     base   H2   353     282.25  0.462     0.455  0.462     0.482 -0.106  -0.120 -0.113  -0.070 -1.546
87      1h rolling60     kill  all    59      71.80  0.542     0.409  0.545     0.451  0.065  -0.205  0.185  -0.181  0.982
88      1h rolling60     kill   H1    33      40.60  0.515     0.405  0.562     0.459  0.014  -0.205  0.217  -0.190  0.844
89      1h rolling60     kill   H2    26      31.20  0.577     0.413  0.522     0.441  0.128  -0.203  0.144  -0.169  0.512
90      1h rolling60   kill20  all    65      84.70  0.523     0.412  0.525     0.450  0.026  -0.198  0.166  -0.185  0.927
91      1h rolling60   kill20   H1    35      46.65  0.486     0.408  0.529     0.466 -0.045  -0.200  0.146  -0.179  0.592
92      1h rolling60   kill20   H2    30      38.05  0.567     0.417  0.519     0.430  0.108  -0.196  0.189  -0.192  0.715
93      1h rolling60    kill2  all   101     140.40  0.475     0.430  0.494     0.469 -0.070  -0.161  0.057  -0.111  0.406
94      1h rolling60    kill2   H1    57      78.95  0.439     0.426  0.481     0.470 -0.139  -0.163  0.052  -0.114  0.278
95      1h rolling60    kill2   H2    44      61.45  0.523     0.435  0.514     0.467  0.020  -0.158  0.063  -0.106  0.296
96      1h rolling60  last_ok  all   347     336.25  0.484     0.449  0.457     0.486 -0.056  -0.124 -0.045  -0.073 -0.610
97      1h rolling60  last_ok   H1   181     199.80  0.497     0.453  0.457     0.503 -0.025  -0.112 -0.030  -0.052 -0.291
98      1h rolling60  last_ok   H2   166     136.45  0.470     0.444  0.457     0.461 -0.090  -0.142 -0.062  -0.104 -0.578
99      1h rolling60   proven  all   317     292.20  0.473     0.455  0.437     0.490 -0.079  -0.113 -0.092  -0.057 -1.199
100     1h rolling60   proven   H1   162     174.35  0.494     0.460  0.424     0.507 -0.032  -0.098 -0.091  -0.033 -0.852
101     1h rolling60   proven   H2   155     117.85  0.452     0.448  0.451     0.465 -0.127  -0.134 -0.093  -0.092 -0.842
102     1h expanding     base  all   831     824.40  0.502     0.471  0.493     0.502 -0.020  -0.080  0.016  -0.024  0.317
103     1h expanding     base   H1   476     470.85  0.508     0.469  0.490     0.512 -0.003  -0.080  0.070  -0.031  1.077
104     1h expanding     base   H2   355     353.55  0.493     0.474  0.498     0.489 -0.042  -0.080 -0.058  -0.014 -0.791
105     1h expanding     kill  all    38      63.10  0.526     0.412  0.486     0.450  0.031  -0.195  0.242  -0.135  0.996
106     1h expanding     kill   H1    31      44.10  0.516     0.408  0.484     0.467  0.017  -0.197  0.243  -0.099  0.900
107     1h expanding     kill   H2     7      19.00  0.571     0.420  0.500     0.407  0.093  -0.189  0.235  -0.217  0.394
108     1h expanding   kill20  all    63      99.65  0.540     0.421  0.500     0.453  0.056  -0.177  0.242  -0.118  1.303
109     1h expanding   kill20   H1    41      59.45  0.512     0.426  0.475     0.478  0.006  -0.164  0.200  -0.055  0.869
110     1h expanding   kill20   H2    22      40.20  0.591     0.415  0.550     0.413  0.150  -0.197  0.321  -0.212  0.997
111     1h expanding    kill2  all    63     126.05  0.429     0.432  0.441     0.463 -0.162  -0.155  0.029  -0.110  0.158
112     1h expanding    kill2   H1    53      85.40  0.434     0.423  0.440     0.473 -0.146  -0.166  0.062  -0.099  0.309
113     1h expanding    kill2   H2    10      40.65  0.400     0.449  0.444     0.441 -0.246  -0.130 -0.146  -0.135 -0.323
114     1h expanding  last_ok  all   424     402.80  0.478     0.461  0.451     0.502 -0.069  -0.101 -0.040  -0.026 -0.597
115     1h expanding  last_ok   H1   247     232.20  0.482     0.451  0.454     0.510 -0.056  -0.117  0.018  -0.043  0.199
116     1h expanding  last_ok   H2   177     170.60  0.472     0.475  0.447     0.489 -0.087  -0.080 -0.122  -0.003 -1.188
117     1h expanding   proven  all   404     363.60  0.479     0.468  0.445     0.508 -0.066  -0.088 -0.059  -0.011 -0.853
118     1h expanding   proven   H1   230     204.30  0.483     0.460  0.443     0.518 -0.055  -0.099 -0.010  -0.027 -0.109
119     1h expanding   proven   H2   174     159.30  0.474     0.477  0.449     0.494 -0.082  -0.075 -0.123   0.009 -1.191
120         1h fixed     base  all   186     195.15  0.543     0.474  0.509     0.499  0.060  -0.077  0.103  -0.028  0.975
121         1h fixed     base   H2   186     195.15  0.543     0.474  0.509     0.499  0.060  -0.077  0.103  -0.028  0.975
122         1h fixed     kill  all    10      21.60  0.500     0.454  0.222     0.480 -0.020  -0.119 -0.420   0.022 -1.050
123         1h fixed     kill   H2    10      21.60  0.500     0.454  0.222     0.480 -0.020  -0.119 -0.420   0.022 -1.050
124         1h fixed   kill20  all    16      28.50  0.500     0.432  0.214     0.470 -0.022  -0.162 -0.291  -0.083 -0.891
125         1h fixed   kill20   H2    16      28.50  0.500     0.432  0.214     0.470 -0.022  -0.162 -0.291  -0.083 -0.891
126         1h fixed    kill2  all    28      41.35  0.643     0.467  0.520     0.470  0.264  -0.092  0.264  -0.002  0.924
127         1h fixed    kill2   H2    28      41.35  0.643     0.467  0.520     0.470  0.264  -0.092  0.264  -0.002  0.924
128         1h fixed  last_ok  all   106      98.85  0.538     0.470  0.467     0.503  0.050  -0.085  0.075  -0.014  0.545
129         1h fixed  last_ok   H2   106      98.85  0.538     0.470  0.467     0.503  0.050  -0.085  0.075  -0.014  0.545
130         1h fixed   proven  all   100      86.50  0.530     0.471  0.476     0.507  0.034  -0.084  0.081  -0.025  0.570
131         1h fixed   proven   H2   100      86.50  0.530     0.471  0.476     0.507  0.034  -0.084  0.081  -0.025  0.570
