交易日 193；R = 進場到初始停損距離；Sharpe 以每日 R 合計（含 0 交易日）年化 √252

=== A M15 40/20/5  a=0.3 冷卻=5：出場比較 ===
     出場   n   每天   avgR  win   PF    總R   MDD  P_MDD  Sharpe     前半     後半  平均持有
   tp 1 175 0.91  0.209 0.60 1.63 36.61  8.03   4.56    2.89  0.204  0.214 40.14
 tp 1.5 175 0.91  0.287 0.55 1.81 50.15  7.03   7.13    3.25  0.334  0.235 48.89
   tp 2 175 0.91  0.239 0.51 1.61 41.91 10.56   3.97    2.63  0.270  0.206 55.95
   tp 3 175 0.91  0.232 0.49 1.58 40.68 10.56   3.85    2.61  0.331  0.126 60.45
   tp 4 175 0.91  0.207 0.48 1.51 36.29 10.56   3.44    2.25  0.332  0.072 61.92
time 20 175 0.91  0.100 0.51 1.42 17.53  8.23   2.13    1.70  0.091  0.110 18.76
time 40 175 0.91  0.133 0.53 1.43 23.34  8.58   2.72    1.73  0.109  0.159 34.99
time 80 175 0.91  0.223 0.48 1.54 38.98 10.56   3.69    2.33  0.376  0.057 63.33
chand 2 175 0.91  0.059 0.35 1.30 10.26  6.60   1.56    1.19  0.073  0.043 13.79
chand 3 175 0.91  0.046 0.39 1.18  8.01  8.85   0.91    0.72  0.012  0.082 21.83
chand 4 175 0.91  0.076 0.42 1.25 13.30 12.60   1.06    1.06  0.136  0.011 31.88
  dc 10 175 0.91  0.040 0.40 1.17  6.94  7.53   0.92    0.73  0.024  0.057 20.62
  dc 20 175 0.91  0.084 0.45 1.28 14.65  9.11   1.61    1.09  0.133  0.030 39.70
  erM 0 175 0.91 -0.011 0.38 0.94 -2.01  9.64  -0.21   -0.30 -0.010 -0.014 15.43
  erL 0 175 0.91  0.090 0.45 1.31 15.76 13.70   1.15    1.06  0.008  0.178 39.86
   be 0 175 0.91  0.227 0.34 1.62 39.78 11.98   3.32    2.38  0.313  0.134 81.99
 half 0 175 0.91  0.060 0.41 1.24 10.52  7.88   1.34    1.10  0.038  0.084 21.83

=== B M30 20/10/3  a=0.3 冷卻=3：出場比較 ===
     出場   n   每天   avgR  win   PF    總R   MDD  P_MDD  Sharpe     前半     後半  平均持有
   tp 1 268 1.39  0.064 0.52 1.15 17.22  6.57   2.62    1.17  0.060  0.069 15.48
 tp 1.5 268 1.39  0.164 0.48 1.36 44.03  9.84   4.47    2.37  0.138  0.194 18.50
   tp 2 268 1.39  0.189 0.45 1.39 50.73  8.88   5.71    2.54  0.149  0.235 21.33
   tp 3 268 1.39  0.194 0.41 1.38 52.01  9.11   5.71    2.28  0.214  0.171 24.44
   tp 4 268 1.39  0.207 0.40 1.40 55.40 15.22   3.64    2.25  0.285  0.118 25.76
time 10 268 1.39  0.129 0.46 1.39 34.70  9.96   3.48    2.01  0.064  0.203  8.84
time 20 268 1.39  0.163 0.47 1.38 43.65  9.60   4.55    1.97  0.222  0.097 15.90
time 40 268 1.39  0.285 0.38 1.53 76.36 15.27   5.00    1.91  0.538 -0.000 27.32
chand 2 268 1.39  0.088 0.38 1.26 23.48  9.25   2.54    1.31  0.020  0.163 12.00
chand 3 268 1.39  0.330 0.41 1.82 88.42 11.69   7.56    1.68  0.519  0.117 20.73
chand 4 268 1.39  0.299 0.37 1.66 80.00 14.78   5.41    1.58  0.482  0.091 28.12
   dc 5 268 1.39  0.089 0.36 1.28 23.92 12.19   1.96    1.34  0.066  0.115 10.12
  dc 10 268 1.39  0.179 0.35 1.45 48.07 12.70   3.79    1.30  0.298  0.046 17.85
  erM 0 268 1.39 -0.020 0.35 0.92 -5.25 14.09  -0.37   -0.46 -0.040  0.004  7.06
  erL 0 268 1.39  0.181 0.37 1.45 48.41 13.41   3.61    1.29  0.276  0.074 18.75
   be 0 268 1.39  0.138 0.28 1.31 37.01 11.19   3.31    1.85  0.161  0.112 30.50
 half 0 268 1.39  0.212 0.49 1.59 56.92  9.59   5.94    1.88  0.286  0.129 20.73

=== C M15 20/10/3  a=0.4 冷卻=10：出場比較 ===
     出場   n   每天   avgR  win   PF    總R   MDD  P_MDD  Sharpe     前半    後半  平均持有
   tp 1 195 1.01  0.117 0.56 1.32 22.79  8.73   2.61    2.06  0.048 0.178 19.38
 tp 1.5 195 1.01  0.197 0.52 1.50 38.41  8.89   4.32    2.80  0.095 0.287 22.46
   tp 2 195 1.01  0.173 0.47 1.40 33.70 13.99   2.41    2.17  0.038 0.291 25.31
   tp 3 195 1.01  0.206 0.46 1.46 40.24 14.17   2.84    2.33  0.056 0.338 27.52
   tp 4 195 1.01  0.193 0.45 1.42 37.64 14.89   2.53    2.15  0.086 0.287 28.77
time 10 195 1.01 -0.003 0.43 0.99 -0.56 14.20  -0.04   -0.06 -0.113 0.093  9.32
time 20 195 1.01  0.030 0.47 1.08  5.88 18.00   0.33    0.51 -0.104 0.148 16.81
time 40 195 1.01  0.133 0.45 1.29 25.92 14.89   1.74    1.53  0.095 0.166 29.56
chand 2 195 1.01 -0.018 0.35 0.94 -3.51 13.16  -0.27   -0.37 -0.099 0.053 13.27
chand 3 195 1.01  0.017 0.35 1.05  3.33 16.26   0.20    0.24 -0.073 0.096 21.18
chand 4 195 1.01  0.063 0.38 1.15 12.38 18.89   0.66    0.67 -0.012 0.129 29.52
   dc 5 195 1.01 -0.011 0.37 0.96 -2.15 15.01  -0.14   -0.23 -0.128 0.091 10.21
  dc 10 195 1.01 -0.019 0.39 0.95 -3.62 16.26  -0.22   -0.32 -0.104 0.057 18.74
  erM 0 195 1.01  0.014 0.39 1.07  2.81  8.79   0.32    0.38 -0.077 0.094  8.32
  erL 0 195 1.01 -0.051 0.36 0.85 -9.96 18.21  -0.55   -0.92 -0.139 0.026 18.42
   be 0 195 1.01  0.205 0.33 1.48 40.03 11.71   3.42    2.10  0.097 0.300 38.60
 half 0 195 1.01  0.050 0.45 1.15  9.72 10.48   0.93    0.91 -0.014 0.106 21.18

=== A+B+C 合併（tp 2）===
{'n': 638, '每天': 3.31, 'avgR': 0.198, 'win': 0.47, 'PF': 1.45, '總R': 126.33, 'MDD': 16.35, 'P_MDD': 7.73, 'Sharpe': 3.17, '前半': 0.152, '後半': 0.246, '平均持有': 32.04}
逐月 R：1月 +28.3  2月 -2.7  3月 +1.0  4月 +9.3  5月 +13.3  6月 +31.4  7月 +16.8  8月 +19.0  9月 +8.9  10月 +1.1

=== A+B+C 合併（chand 3）===
{'n': 638, '每天': 3.31, 'avgR': 0.156, 'win': 0.39, 'PF': 1.44, '總R': 99.76, 'MDD': 28.48, 'P_MDD': 3.5, 'Sharpe': 1.72, '前半': 0.21, '後半': 0.101, '平均持有': 21.17}
逐月 R：1月 +72.3  2月 +0.6  3月 -7.0  4月 -4.4  5月 +6.3  6月 +13.4  7月 +12.6  8月 +2.0  9月 +2.5  10月 +1.4
