週五平倉版：511 筆，跨日 156 筆（31%），平均過夜 1.81 晚（含週三 ×3），最多 3 晚

=== 1. 掉期成本的影響（無停損上限）===
 掉期_每盎司每晚               部位   n   每天     總R  avgR   PF  MDD_R  P_MDD  Sharpe  每筆美元  總美元  最大單筆虧損  掉期合計  前半R   後半R
      0.0          固定 1 單位 511 2.65 110.61 0.216 1.52  14.55   7.60    3.05  7.37 3768  -254.7     0 32.4  78.2
      0.0 同向 2 單位 + 1R 加 1 511 2.65 232.23 0.454 1.66  33.00   7.04    3.06 15.32 7830  -509.4     0 75.0 157.2
      0.3          固定 1 單位 511 2.65 108.60 0.213 1.51  14.81   7.34    3.00  7.21 3684  -254.7    85 31.6  77.0
      0.3 同向 2 單位 + 1R 加 1 511 2.65 228.17 0.447 1.65  33.34   6.84    3.02 14.98 7657  -509.4   173 73.5 154.7
      0.5          固定 1 單位 511 2.65 107.26 0.210 1.50  14.98   7.16    2.96  7.10 3627  -254.7   141 31.2  76.1
      0.5 同向 2 單位 + 1R 加 1 511 2.65 225.46 0.441 1.64  33.57   6.72    2.98 14.76 7542  -509.4   288 72.5 153.0
      0.7          固定 1 單位 511 2.65 105.92 0.207 1.49  15.15   6.99    2.93  6.99 3571  -254.7   197 30.7  75.3
      0.7 同向 2 單位 + 1R 加 1 511 2.65 222.75 0.436 1.63  33.80   6.59    2.95 14.53 7426  -509.4   403 71.5 151.3
      1.0          固定 1 單位 511 2.65 103.92 0.203 1.48  15.40   6.75    2.88  6.82 3486  -254.7   282 29.9  74.0
      1.0 同向 2 單位 + 1R 加 1 511 2.65 218.69 0.428 1.61  34.14   6.41    2.90 14.20 7254  -509.4   576 70.0 148.7

=== 2. 停損上限（超過就拉近，照樣開單；掉期 $0.7/盎司/晚）===
停損距離分位（美元/盎司）：50% $36, 75% $56, 80% $63, 85% $77, 90% $95, 95% $124, 99% $177
 上限  被拉近               部位   n   每天     總R  avgR   PF  MDD_R  P_MDD  Sharpe  每筆美元  總美元  最大單筆虧損  掉期合計  前半R   後半R
  無    0          固定 1 單位 511 2.65 105.92 0.207 1.49  15.15   6.99    2.93  6.99 3571  -254.7   197 30.7  75.3
  無    0 同向 2 單位 + 1R 加 1 511 2.65 222.75 0.436 1.63  33.80   6.59    2.95 14.53 7426  -509.4   403 71.5 151.3
120   31          固定 1 單位 511 2.65 103.52 0.203 1.48  15.15   6.83    2.84  6.40 3269  -120.8   196 28.2  75.3
120   31 同向 2 單位 + 1R 加 1 511 2.65 220.74 0.432 1.62  34.46   6.41    2.90 14.57 7445  -241.6   406 69.4 151.3
100   44          固定 1 單位 511 2.65 105.36 0.206 1.48  15.15   6.96    2.86  6.86 3503  -102.2   195 30.0  75.3
100   44 同向 2 單位 + 1R 加 1 511 2.65 222.52 0.435 1.62  34.55   6.44    2.90 15.02 7676  -204.4   402 71.1 151.4
 90   58          固定 1 單位 511 2.65 105.07 0.206 1.48  15.76   6.67    2.80  6.78 3464   -92.2   192 29.6  75.5
 90   58 同向 2 單位 + 1R 加 1 511 2.65 224.24 0.439 1.62  38.36   5.85    2.84 15.26 7798  -184.4   396 72.3 152.0
 80   72          固定 1 單位 511 2.65 102.24 0.200 1.46  18.05   5.66    2.74  6.22 3181   -82.2   189 26.5  75.8
 80   72 同向 2 單位 + 1R 加 1 511 2.65 217.11 0.425 1.59  44.92   4.83    2.76 13.90 7101  -240.3   393 64.2 152.9
 70   83          固定 1 單位 511 2.65 103.60 0.203 1.46  18.17   5.70    2.73  6.39 3264   -72.2   187 27.7  75.9
 70   83 同向 2 單位 + 1R 加 1 511 2.65 219.94 0.430 1.59  46.16   4.76    2.74 14.20 7254  -210.3   393 67.1 152.8
 60  113          固定 1 單位 511 2.65 104.06 0.204 1.46  18.34   5.67    2.72  6.26 3201   -62.2   183 28.1  76.0
 60  113 同向 2 單位 + 1R 加 1 511 2.65 220.75 0.432 1.58  46.50   4.75    2.72 13.92 7113  -180.3   385 67.1 153.6
 50  155          固定 1 單位 511 2.65 101.50 0.199 1.43  20.15   5.04    2.51  5.67 2900   -52.2   172 26.1  75.4
 50  155 同向 2 單位 + 1R 加 1 511 2.65 206.69 0.404 1.52  52.31   3.95    2.40 11.76 6012  -152.4   361 54.1 152.6

=== 3. 被拉近的單本身（上限 $80 vs 不設上限，掉期 0.7）===
停損 > $80 的 72 筆：不設上限 每筆 $+6.1、勝率 49%；拉近到 $80 後 每筆 $+0.7、勝率 42%

=== 4. 最終建議版逐月（上限 $80 拉近、掉期 0.7、週五平倉、同向 2 單位 + 1R 加 1；美元為每單位 1 盎司）===
xtime  2026-01  2026-02  2026-03  2026-04  2026-05  2026-06  2026-07  2026-08  2026-09  2026-10
筆數        57.0     39.0     56.0     41.0     53.0     61.0     75.0     51.0     62.0     16.0
R         21.2    -20.1      6.9     24.9     31.4     81.5     15.5     34.4     14.7      6.8
美元       918.2   -936.7   1468.6    663.1    942.6   3288.6   -172.1    968.2    -93.3     53.5
