=== A. 循環(依方向) vs 對照，週期 × 均線種類（鄰域內所有長度、所有偏移平均）===
                         組數   平均筆數    全期R     H1     H2  全期>0%  兩半皆正%
tf    type kind  dir                                                 
15min ema  base  all    864  307.0  0.109  0.158  0.067   98.0   78.0
           cycle all   3456   84.0  0.205  0.196  0.209   92.0   66.0
                 cont  3456   44.0  0.264  0.403  0.139   87.0   52.0
                 rev   3456   40.0  0.144 -0.072  0.290   77.0   31.0
      sma  base  all    864  327.0  0.074  0.117  0.037   87.0   59.0
           cycle all   3456   94.0  0.128  0.180  0.084   80.0   49.0
                 cont  3456   50.0  0.153  0.335 -0.038   75.0   35.0
                 rev   3456   44.0  0.100 -0.051  0.196   72.0   29.0
30min ema  base  all    864  146.0  0.108  0.188  0.047   91.0   52.0
           cycle all   3456   39.0  0.150  0.393 -0.054   77.0   32.0
                 cont  3456   21.0  0.310  0.431  0.195   84.0   53.0
                 rev   3456   18.0 -0.033  0.407 -0.298   47.0   11.0
      sma  base  all    864  154.0  0.105  0.185  0.045   91.0   63.0
           cycle all   3456   46.0  0.143  0.351 -0.022   78.0   42.0
                 cont  3456   23.0  0.260  0.450  0.124   85.0   54.0
                 rev   3456   22.0  0.012  0.257 -0.140   52.0   25.0

=== B. K 棒起點偏移（循環 cont）===
                  組數  平均筆數    全期R     H1     H2  全期>0%  兩半皆正%
tf    off type                                               
15min 0   ema   1152  43.0  0.263  0.409  0.131   89.0   51.0
          sma   1152  50.0  0.137  0.298 -0.033   73.0   34.0
      5   ema   1152  44.0  0.267  0.382  0.167   85.0   55.0
          sma   1152  50.0  0.211  0.457 -0.045   83.0   38.0
      10  ema   1152  45.0  0.261  0.417  0.121   86.0   49.0
          sma   1152  50.0  0.111  0.250 -0.035   70.0   32.0
30min 0   ema   1152  20.0  0.466  0.588  0.363   91.0   67.0
          sma   1152  22.0  0.348  0.557  0.199   91.0   61.0
      10  ema   1152  21.0  0.258  0.351  0.165   82.0   52.0
          sma   1152  24.0  0.286  0.407  0.209   91.0   63.0
      20  ema   1152  21.0  0.207  0.354  0.056   78.0   41.0
          sma   1152  23.0  0.147  0.386 -0.033   72.0   38.0

=== C. 慢線長度（循環 cont）===
                 組數  平均筆數    全期R     H1     H2  全期>0%  兩半皆正%
tf    type s                                                
15min ema  40  1152  53.0  0.170  0.367 -0.013   80.0   39.0
           55  1152  43.0  0.346  0.525  0.183   95.0   64.0
           80  1152  36.0  0.275  0.315  0.248   85.0   53.0
      sma  40  1152  61.0  0.068  0.257 -0.123   65.0   21.0
           55  1152  51.0  0.116  0.285 -0.073   74.0   28.0
           80  1152  39.0  0.276  0.463  0.083   87.0   55.0
30min ema  40  1152  25.0  0.313  0.468  0.202   88.0   65.0
           55  1152  20.0  0.363  0.539  0.226   92.0   62.0
           80  1152  17.0  0.255  0.281  0.157   72.0   33.0
      sma  40  1152  27.0  0.230  0.528  0.017   83.0   49.0
           55  1152  23.0  0.307  0.473  0.201   89.0   67.0
           80  1152  20.0  0.244  0.348  0.155   81.0   46.0

=== D. 快線長度（循環 cont）===
                組數  平均筆數    全期R     H1     H2  全期>0%  兩半皆正%
tf    type f                                               
15min ema  5   864  51.0  0.219  0.413  0.048   83.0   38.0
           8   864  44.0  0.284  0.453  0.137   87.0   51.0
           10  864  42.0  0.281  0.380  0.188   89.0   57.0
           13  864  39.0  0.271  0.364  0.184   87.0   61.0
      sma  5   864  55.0  0.140  0.252  0.023   72.0   34.0
           8   864  50.0  0.145  0.330 -0.044   74.0   36.0
           10  864  48.0  0.176  0.384 -0.044   78.0   39.0
           13  864  47.0  0.152  0.375 -0.086   77.0   31.0
30min ema  5   864  24.0  0.273  0.472  0.108   82.0   43.0
           8   864  21.0  0.331  0.436  0.217   84.0   53.0
           10  864  19.0  0.337  0.463  0.208   85.0   60.0
           13  864  18.0  0.300  0.350  0.247   85.0   56.0
      sma  5   864  24.0  0.171  0.371  0.027   75.0   44.0
           8   864  24.0  0.303  0.544  0.144   90.0   59.0
           10  864  22.0  0.292  0.463  0.172   89.0   59.0
           13  864  22.0  0.275  0.422  0.156   85.0   54.0

=== E. 中線長度（循環 cont）===
                組數  平均筆數    全期R     H1     H2  全期>0%  兩半皆正%
tf    type m                                               
15min ema  15  864  46.0  0.295  0.403  0.199   90.0   58.0
           21  864  43.0  0.293  0.392  0.205   90.0   59.0
           26  864  42.0  0.255  0.391  0.132   85.0   51.0
           34  864  46.0  0.212  0.424  0.022   81.0   39.0
      sma  15  864  53.0  0.204  0.386  0.008   85.0   39.0
           21  864  49.0  0.217  0.396  0.026   86.0   42.0
           26  864  48.0  0.142  0.317 -0.035   74.0   35.0
           34  864  50.0  0.049  0.242 -0.151   56.0   23.0
30min ema  15  864  21.0  0.283  0.439  0.143   79.0   51.0
           21  864  20.0  0.287  0.440  0.148   85.0   49.0
           26  864  20.0  0.334  0.452  0.217   86.0   54.0
           34  864  21.0  0.337  0.391  0.272   86.0   59.0
      sma  15  864  24.0  0.234  0.389  0.122   82.0   50.0
           21  864  23.0  0.227  0.431  0.075   81.0   48.0
           26  864  23.0  0.251  0.432  0.122   83.0   54.0
           34  864  24.0  0.330  0.548  0.178   92.0   64.0

=== F. 出場（循環 cont vs 對照 all）===
                     組數   平均筆數    全期R     H1     H2  全期>0%  兩半皆正%
tf    kind  exit                                                 
15min base  tp2     576  317.0  0.070  0.099  0.045   89.0   66.0
            tp3     576  317.0  0.118  0.211  0.037   95.0   64.0
            trail   576  317.0  0.087  0.104  0.073   93.0   75.0
      cycle tp2    2304   47.0  0.129  0.341 -0.078   74.0   31.0
            tp3    2304   47.0  0.208  0.496 -0.073   79.0   33.0
            trail  2304   47.0  0.288  0.270  0.303   90.0   66.0
30min base  tp2     576  150.0  0.098  0.163  0.048   91.0   62.0
            tp3     576  150.0  0.155  0.249  0.083   95.0   65.0
            trail   576  150.0  0.068  0.147  0.006   85.0   45.0
      cycle tp2    2304   22.0  0.271  0.492  0.076   85.0   50.0
            tp3    2304   22.0  0.342  0.589  0.141   85.0   51.0
            trail  2304   22.0  0.243  0.239  0.262   82.0   61.0

=== G. 同一組（週期/偏移/種類/長度/出場/密集門檻）配對：循環 cont − 對照 ===
             cont   base   diff  cont較好比例
tf    type                               
15min ema   0.264  0.109  0.155     0.749
      sma   0.153  0.074  0.079     0.660
30min ema   0.310  0.108  0.202     0.758
      sma   0.260  0.105  0.155     0.745

=== H. 中心參數逐月（M15、8/21/55、發散 0.8、密集 0.25、間隔 1、trail、區間停損）R 合計 / 筆數 ===
           sum                    count             
type       ema          sma         ema      sma    
rel       cont   rev   cont   rev  cont rev cont rev
month                                               
2026-01  18.03 -0.57  -1.56 -0.75     6   1    9   2
2026-02  -2.12  3.99  -1.32 -0.41     5   4    7   5
2026-03   3.94 -1.91  10.28 -2.29     7   5   10   5
2026-04   1.19 -3.26  -0.71  0.68     6   4    8   4
2026-05   3.07 -1.40  -2.13  0.40     5   6    9   2
2026-06   5.18 -0.79   2.08  0.48     7   8    4  12
2026-07   3.53 -0.63  -1.28  2.29     7   6   10   6
2026-08   5.31 -1.16   7.35  2.53    11   3    7   8
2026-09  -1.55  6.30  -2.64  2.17     5  10    7  10
2026-10  -0.55  0.04  -0.59  2.71     1   2    1   4
